[ 1422.577369] [Project1] 2831 1588159030.207431150 1588159030.436512025
[ 1422.994911] [Project1] 2832 1588159030.617816155 1588159030.854040889
[ 1423.409749] [Project1] 2833 1588159031.27503352 1588159031.268893598
[ 1423.825424] [Project1] 2834 1588159031.462198418 1588159031.684557617
[ 1424.250797] [Project1] 2835 1588159031.875231142 1588159032.109940750
[ 1424.701345] [Project1] 2836 1588159032.302920047 1588159032.560487579
[ 1425.150056] [Project1] 2837 1588159032.769703959 1588159033.9200137
[ 1425.629171] [Project1] 2838 1588159033.217894938 1588159033.488315324
[ 1426.127550] [Project1] 2839 1588159033.729267648 1588159033.986682342
[ 1426.598493] [Project1] 2840 1588159034.193156252 1588159034.457637162
